-154.5377 58.8814 122900.0
-152.6681 59.9458 87700.0
-152.9781 59.7606 109200.0
-146.1262 61.2585 24100.0
-152.6546 59.5785 78000.0
-153.1387 59.7313 103000.0
-156.9566 57.4336 122500.0
-153.6713 59.2894 121800.0
-150.9427 63.0817 132900.0
-152.3898 62.0083 141900.0
-153.3835 60.0889 158800.0
-152.8834 59.497 94800.0
-150.9023 61.97 8900.0
-152.6732 60.0012 98000.0
-150.1984 60.7706 50400.0
-152.7413 60.0224 92800.0
-148.2035 61.7493 12100.0
-151.7772 59.8029 62900.0
-153.1456 59.7384 101400.0
-152.1747 61.3046 130500.0
-146.3339 61.6036 23300.0
-153.3328 59.7282 111200.0
-149.3909 62.049 38200.0
-156.5552 57.9303 151800.0
-156.4568 58.4734 203600.0
-150.3308 61.625 60300.0
-156.7094 58.5017 200800.0
-153.758 59.0778 102700.0
-152.4626 62.3598 143500.0
-153.5952 60.0364 155800.0
-150.9464 63.0765 131500.0
-155.671 58.4247 155200.0
-144.7441 59.4299 7600.0
-152.993 60.1136 129500.0
-152.3383 58.8989 54500.0
-149.6847 62.739 73300.0
-151.5803 63.0338 10500.0
-149.5569 61.9923 41700.0
-151.4399 63.1544 13600.0
-149.9237 61.4564 40100.0
-152.304 60.2609 99800.0
-150.6872 61.7805 62200.0
-153.2608 59.6592 121000.0
-150.0171 60.8913 49400.0
-153.1663 59.7193 105500.0
-153.1543 59.7134 105600.0
-152.9746 59.788 108300.0
-153.546 60.3334 188800.0
-153.1661 59.6994 107300.0
-153.1173 59.7499 104500.0
-153.1249 59.7421 105100.0
-153.1456 59.7312 106800.0
-153.1677 59.7192 107100.0
-153.3051 59.6974 110100.0
-153.3392 59.6204 125600.0
-150.6399 62.1032 10100.0
-151.3697 63.3053 11100.0
-147.2653 61.6985 35800.0
-152.9867 59.7285 99400.0
-153.085 59.352 97000.0
-149.8761 61.9965 46100.0
-153.5764 60.038 162500.0
-151.9998 62.2088 106000.0
-149.2747 62.7755 66700.0
-149.3652 62.9631 86700.0
-150.9958 63.037 122400.0
-148.9034 62.7688 64400.0
-151.3785 63.2869 14900.0
-148.974 62.8358 70100.0
-153.1961 59.8935 119300.0
-152.0517 61.9493 125600.0
-149.701 62.3398 52500.0
-150.789 62.13 70700.0
-150.802 62.1317 71900.0
-154.154 57.4714 60200.0
-154.0552 57.7675 28200.0
-151.962 61.6644 114200.0
-150.622 63.2394 129800.0
-150.4632 61.9394 14500.0
-148.2506 63.0847 67400.0
-146.5731 61.5162 19900.0
-153.4969 60.0675 170100.0
-153.8548 59.3443 124200.0
-157.0603 58.0296 14000.0
-148.9217 63.4751 8500.0
-149.4607 62.6347 65800.0
-145.812 60.9311 14900.0
-150.4368 63.1942 122000.0
-150.5787 62.1903 7800.0
-148.058 62.5442 62100.0
-150.485 62.7236 97100.0
-151.0377 60.449 67900.0
-153.2947 60.0137 150500.0
-150.9827 60.1363 65300.0
-150.7767 63.0582 123600.0
-149.821 62.0196 45300.0
-151.8159 61.9449 108900.0
-146.7779 61.353 27400.0
-152.0576 62.597 3700.0
-145.5733 59.2225 12300.0
-153.0909 60.0283 131900.0
-154.0257 59.083 130400.0
-154.7902 57.7962 86100.0
-148.5561 63.4876 9400.0
-149.2968 63.1287 81100.0
-148.1297 63.503 400.0
-150.7337 62.7642 94700.0
-152.1323 60.0035 91100.0
-149.5584 60.6511 38000.0
-144.9721 63.4061 12500.0
-149.9347 62.8863 76200.0
-153.3727 60.1118 157400.0
-151.2151 62.2613 85900.0
-147.5275 63.5138 76800.0
-150.9112 62.4283 88000.0
-153.2508 59.3104 88400.0
-153.2777 59.8002 133100.0
-150.6864 61.0292 55600.0
-149.5373 62.1301 32400.0
-152.9468 59.9492 120100.0
-151.7706 58.1681 40800.0
-153.2748 59.9687 146000.0
-153.3804 59.6579 127700.0
-152.475 59.901 89700.0
-149.9047 61.7527 52100.0
-152.0942 60.1468 96200.0
-149.3232 62.2571 56600.0
-153.545 59.3771 115300.0
-152.7992 59.7732 93600.0
-152.6039 59.9182 95300.0
-153.5256 59.9962 169700.0
-153.7882 60.1563 196400.0
-151.2041 62.335 83100.0
-153.0932 59.0376 83300.0
-151.0092 63.0647 133100.0
-152.6202 60.0363 95800.0
-150.5247 62.0491 60700.0
-152.5879 60.258 109800.0
-148.8204 62.8736 64900.0
-150.6543 62.9132 108500.0
-156.3168 58.1887 7800.0
-156.3409 58.1668 7100.0
-150.9998 58.3396 57400.0
-152.8301 59.7905 15200.0
-149.5082 61.3331 50600.0
-150.6686 63.2274 133600.0
-152.8788 60.0835 105200.0
-152.9074 60.17 128500.0
-151.8553 58.1077 34400.0
-151.1361 62.5913 93700.0
-156.3745 58.1763 8900.0
-151.3869 60.3758 68500.0
-152.6858 59.5208 88300.0
-150.816 63.1603 137600.0
-153.1002 60.2851 141700.0
-150.0865 61.3146 58700.0
-153.0998 60.0159 119700.0
-145.7561 62.2352 3900.0
-149.8574 61.4238 52800.0
-152.085 59.3314 59600.0
-153.8813 58.7535 6800.0
-153.8794 58.7354 8700.0
-150.4349 63.1688 117500.0
-153.2113 58.8056 4500.0
-153.9335 59.0599 108900.0
-150.6591 63.0344 117100.0
-153.4047 59.6973 125200.0
-151.2434 62.5836 88800.0
-153.9043 59.0605 105800.0
-150.4705 61.544 65200.0
-154.0909 59.2615 7100.0
-152.7944 59.9021 104200.0
-148.8504 62.6138 67200.0
-152.4803 61.0003 127600.0
-156.8307 57.5875 128800.0
-150.6985 62.8805 99700.0
-151.5673 63.0887 7900.0
-153.0844 60.1422 145300.0
-149.5426 62.7037 71100.0
-151.3369 63.3066 6500.0
-150.7029 63.1727 126500.0
-152.9869 60.5767 136300.0
-150.5906 61.8052 71100.0
-151.4113 62.5141 97000.0
-150.1829 60.7518 59400.0
-147.3074 61.4592 20900.0
-150.7957 61.2574 62900.0
-150.8181 61.2727 68400.0
-154.2965 58.5437 93100.0
-151.5333 61.3779 90700.0
-152.4571 60.8717 130500.0
-146.5628 62.0555 47400.0
-150.7431 61.5008 72300.0
-155.1592 58.253 10000.0
-152.5365 60.114 79900.0
-151.9726 60.5266 92600.0
-153.1774 59.6081 104700.0
-151.95 60.2371 83300.0
-152.8229 60.0256 114900.0
-153.7329 58.5089 74600.0
-150.7209 60.3247 73200.0
-147.7671 63.5651 23700.0
-152.525 59.7935 91400.0
-154.5207 58.9977 142600.0
-152.8859 59.635 96900.0
-147.5541 60.3253 10800.0
-145.142 63.383 3500.0
-150.6857 63.2426 134300.0
-152.2344 59.8788 88000.0
-152.0186 59.4004 63300.0
-150.9227 60.9445 75400.0
-152.0707 60.3959 93600.0
-154.318 59.3518 6700.0
-149.4235 63.4344 110700.0
-151.3062 61.6717 88100.0
-147.9069 62.2461 47300.0
-150.4942 61.7409 58900.0
-151.6848 58.1121 14100.0
-152.8921 59.0532 72500.0
-154.7852 58.1925 96100.0
-150.0096 61.1276 62200.0
-150.8767 63.1283 130200.0
-152.7889 60.0853 116000.0
-152.5524 62.8972 8300.0
-151.746 59.7744 71300.0
-153.1684 59.7978 130000.0
-150.8842 63.0207 129800.0
-148.995 62.8343 63400.0
-152.1771 59.7919 76300.0
-153.2453 59.9811 131600.0
-150.6895 62.0834 70100.0
-150.1057 61.3206 52800.0
-150.9233 60.9935 14500.0
-152.9044 60.0845 123000.0
-150.28 62.9513 97300.0
-145.776 62.2593 10900.0
-152.7936 60.0967 111500.0
-153.1077 59.5999 109900.0
-152.6945 59.3247 82400.0
-150.6594 61.2845 65300.0
-149.1404 57.5508 19400.0
-145.7352 62.2423 15000.0
-153.3296 59.8962 141100.0
-153.3481 59.9263 131500.0
-153.3658 59.741 141200.0
-151.9485 60.5098 82300.0
-150.1865 61.13 53900.0
-146.5047 61.4691 36500.0
-152.2565 61.0443 117300.0
-145.7531 62.2414 12700.0
-150.972 62.0184 7900.0
-152.6831 59.7651 91100.0
-154.0115 57.7403 51400.0
-150.3443 61.0296 27600.0
-153.0141 60.3605 138500.0
-153.5624 59.5226 115300.0
-152.0113 61.5118 15700.0
-145.3581 59.2476 16200.0
-153.1955 58.1355 49900.0
-150.6633 63.297 140600.0
-153.397 59.8216 138700.0
-153.191 60.156 144300.0
-147.0816 61.2446 6200.0
-151.8093 59.8928 58000.0
-151.3732 58.396 28000.0
-151.112 59.0404 31400.0
-151.1512 62.6716 96400.0
-151.6217 58.3127 41600.0
-151.3992 62.0754 87600.0
-152.521 60.2 98600.0
-152.7498 60.0318 102400.0
-153.3852 59.7578 146400.0
-151.1375 62.5225 93700.0
-152.9139 60.2877 117800.0
-150.9292 63.1336 128000.0
-152.9664 59.9119 115100.0
-152.7838 59.9865 99600.0
-148.3188 62.088 41700.0
-151.1491 60.7682 70000.0
-153.2923 59.7371 118700.0
-152.4493 59.5836 83000.0
-152.6581 59.7761 83100.0
-153.2955 59.939 135300.0
-152.6283 60.0992 107700.0
-153.298 59.9926 140200.0
-152.5066 58.1445 35200.0
-157.5147 58.0199 150000.0
-153.605 59.764 131400.0
-152.652 59.1019 65400.0
-152.1858 61.5987 128300.0
-148.3131 62.5034 58900.0
-153.1724 58.9767 71400.0
-150.8168 61.8275 69200.0
-147.3032 63.6042 7900.0
-156.3593 57.658 132800.0
-151.5435 62.6752 100000.0
-152.6956 60.1307 115700.0
-149.2521 59.4057 23600.0
-154.2893 58.3674 94700.0
-153.5702 57.6396 47400.0
-150.3172 60.7362 52600.0
-149.8225 63.4471 112100.0
-152.1317 60.647 98200.0
-150.8786 63.5367 14500.0
-150.8229 63.5129 14000.0
-152.7885 60.0463 111500.0
-151.0237 60.5414 28700.0
-154.5268 58.8956 139900.0
-152.9691 59.7278 106100.0
-151.4067 63.3308 8400.0
-152.4482 60.1746 108500.0
-150.5964 61.2766 66400.0
-150.9403 62.9547 118300.0
-151.1512 62.4974 91000.0
-151.9874 60.0585 68100.0
-150.8184 63.086 130800.0
-149.4091 60.5345 26000.0
-150.6643 63.2403 133300.0
-148.6278 63.1442 82400.0
-152.3113 59.8723 85800.0
-151.0149 60.9672 74200.0
-152.79 60.1759 113200.0
-154.5993 59.295 158900.0
-152.9147 58.394 59800.0
-151.3531 59.449 12100.0
-152.8234 58.8052 62100.0
-149.6221 62.8771 87400.0
-153.199 60.147 136200.0
-150.2723 61.1441 47900.0
-149.7241 59.0705 27000.0
-155.2688 57.6863 91700.0
-153.2003 59.8881 123700.0
-145.0828 63.3969 4000.0
-152.7119 59.8332 96500.0
-153.162 60.3217 163100.0
-152.1219 60.6377 94100.0
-155.7618 57.6337 97200.0
-150.9092 63.116 130500.0
-153.2456 60.0061 142100.0
-150.543 62.889 98200.0
-153.246 59.896 131700.0
-152.7655 60.0622 118300.0
-149.2204 61.8995 6500.0
-154.4148 58.9811 127400.0
-152.6673 60.0494 98700.0
-153.1911 60.1381 143800.0
-150.5273 61.8567 16000.0
-147.7901 61.9466 41300.0
-146.8482 60.8118 24400.0
-156.909 58.1086 7000.0
-148.8073 62.6259 61000.0
-156.9606 58.099 15300.0
-152.1902 60.5045 96600.0
-150.6114 63.1991 127700.0
-152.3936 60.0329 77400.0
-150.7466 63.2192 131100.0
-153.8474 58.9551 102000.0
-153.0595 58.7485 72300.0
-153.3003 59.8684 126400.0
-146.7759 61.6207 45500.0
-149.77 61.6025 42600.0
-150.7265 63.229 130900.0
-152.2014 58.2985 37500.0
-152.4798 60.3263 100600.0
-150.9992 61.8619 70800.0
-152.6349 60.0091 107700.0
-153.2661 58.6968 73800.0
-153.6599 58.6945 96800.0
-152.232 59.8468 82600.0
-153.5487 59.121 88700.0
-152.9283 60.2557 124400.0
-155.9087 58.3737 140400.0
-152.311 60.3841 111200.0
-152.821 59.9402 111700.0
-153.1497 59.4593 105900.0
-152.2052 60.4788 91200.0
-152.0721 60.0162 69200.0
-151.5831 61.9149 104500.0
-153.2796 58.6589 65100.0
-153.3936 59.7705 129700.0
-147.1576 60.9076 23100.0
-149.964 63.6556 139100.0
-150.7136 63.1997 134300.0
-148.1129 62.874 76500.0
-150.9657 61.268 64900.0
-153.2486 60.1505 156300.0
-150.9422 63.1571 133500.0
-150.9677 62.0579 69700.0
-149.5877 61.6917 47900.0
-151.1008 59.9231 51300.0
-147.4295 61.3811 17400.0
-151.6057 61.6582 97800.0
-150.632 61.9298 68400.0
-150.6364 61.9311 63300.0
-150.693 61.927 60600.0
-150.8012 61.9691 63500.0
-153.0091 59.3117 91600.0
-154.2229 59.0993 134700.0
-152.2336 60.3476 99100.0
-155.0832 58.6239 147700.0
-152.9434 59.8314 118500.0
-151.2313 63.4626 11900.0
-153.3011 59.8469 128600.0
-150.9116 62.3259 74400.0
-149.6986 62.8884 83100.0
-149.4066 62.2661 58200.0
-152.6553 59.7659 94900.0
-151.4707 59.0512 42700.0
-146.779 61.8792 47900.0
-153.139 60.2089 121800.0
-151.7383 63.5085 16600.0
-149.8795 61.5079 41100.0
-152.6494 60.3218 121500.0
-150.9448 61.6478 80100.0
-150.9196 63.0946 130000.0
-153.6794 60.3295 178400.0
-152.7432 59.8287 93700.0
-153.7866 59.0294 93900.0
-150.7616 61.7278 73300.0
-146.4178 61.6447 29600.0
-154.6171 57.4671 52700.0
-152.8172 59.9408 110400.0
-153.1218 59.5516 100000.0
-151.0348 63.5982 12800.0
-152.0774 58.4522 58300.0
-151.022 62.3591 91300.0
-150.8987 60.8992 59100.0
-153.1232 57.5673 47700.0
-149.7781 63.1511 101300.0
-151.4778 63.2182 10100.0
-153.8094 59.7571 138600.0
-153.1483 60.0625 122900.0
-152.6128 59.9188 83300.0
-152.6364 59.8779 89300.0
-150.7011 63.2555 115800.0
-150.9211 61.404 70300.0
-153.5042 59.6276 122900.0
-152.7249 60.1151 102900.0
-153.4698 60.0247 117200.0
-152.5153 60.0904 98600.0
-150.1249 63.5102 0.0
-146.5206 61.5851 54200.0
-153.1169 59.6437 87100.0
-150.9606 61.8144 64200.0
-149.5335 62.175 52000.0
-149.6501 62.1171 45800.0
-150.6645 61.5653 70200.0
-151.0109 63.1789 119900.0
-152.8628 59.3455 76700.0
-155.1395 57.8665 91400.0
-150.9045 63.0815 124500.0
-156.737 58.0619 121500.0
-151.1202 59.8702 60600.0
-150.7307 63.3857 131400.0
-152.8681 59.8764 109300.0
-152.5252 59.8524 91700.0
-150.756 62.8872 104900.0
-152.6991 59.0166 69400.0
-148.5028 63.277 71400.0
-153.5685 59.9278 151700.0
-152.6438 59.9598 94900.0
-150.1523 61.8687 8100.0
-152.68 60.109 109400.0
-152.8834 60.0368 119500.0
-145.1551 59.8292 4800.0
-156.1377 57.8207 118400.0
-150.3194 63.1234 111100.0
-151.6035 63.0788 13100.0
-150.8297 63.6517 9600.0
-152.6016 60.0111 94300.0
-152.4244 59.2246 72800.0
-149.756 61.4688 34800.0
-152.8089 61.3197 148100.0
-153.1264 59.791 120500.0
-152.1883 60.1304 89800.0
-153.4114 59.9191 118400.0
-151.4034 59.5122 64700.0
-153.9108 58.284 77300.0
-149.9499 61.5406 56400.0
-145.169 63.326 6100.0
-152.812 59.5521 104100.0
-151.2853 61.9532 78800.0
-153.009 59.871 124000.0
-151.743 60.6788 11300.0
-151.7683 61.8351 102900.0
-151.7346 58.4148 40200.0
-153.592 59.7286 124200.0
-146.146 61.4097 28200.0
-152.0187 61.2168 113700.0
-151.6448 61.7787 106100.0
-149.6893 63.2863 101400.0
-152.6705 59.7735 100400.0
-148.6297 62.2807 59500.0
-150.5536 63.018 110200.0
-154.5176 59.3029 155000.0
-155.6883 59.8559 10000.0
-153.3523 59.8584 128600.0
-152.925 59.9425 108800.0
-149.6903 63.2465 102100.0
-152.4925 59.5081 77700.0
-152.7281 60.3232 126500.0
-151.869 61.6319 114000.0
-147.2378 63.6401 1000.0
-152.2721 59.9727 83300.0
-146.9402 61.2924 44200.0
-153.398 59.945 135600.0
-146.9083 61.2799 51300.0
-150.7929 61.0094 49900.0
-153.8162 60.3659 188500.0
-144.9478 59.4687 17900.0
-155.2326 58.6532 131600.0
-155.1048 58.5896 139100.0
-153.0715 60.1901 121900.0
-153.0331 60.055 123300.0
-155.8258 58.533 152200.0
-152.484 59.8123 92200.0
-152.9215 60.0022 118600.0
-151.6131 62.3254 91300.0
-152.9637 59.7965 109900.0
-151.0253 61.6365 72700.0
-153.2802 60.1539 153100.0
-151.9239 59.7578 64800.0
-154.7282 58.858 126500.0
-152.826 58.419 51600.0
-156.3547 57.9876 121500.0
-151.547 63.08 10200.0
-149.5991 60.8253 33600.0
-151.3109 61.1633 84200.0
-150.658 63.3032 119400.0
-156.0232 57.9598 35000.0
-151.6259 61.7917 99800.0
-154.3543 57.4805 40400.0
-150.4194 63.1213 117700.0
-146.25 61.183 25000.0
-150.0193 61.686 48900.0
-150.4983 63.0047 109100.0
-152.5504 57.6943 34400.0
-147.4328 60.8721 6800.0
-150.5429 62.8608 100600.0
-154.502 59.231 149900.0
-149.8303 61.3555 41700.0
-153.3863 59.1743 80000.0
-147.9805 58.2567 12700.0
-153.783 60.1116 159900.0
-146.5445 61.598 48600.0
-152.9976 60.223 124400.0
-150.487 62.1081 59700.0
-151.2145 63.5795 10200.0
-150.9261 62.2676 88000.0
-150.3703 61.8136 55300.0
-153.4183 60.0819 131900.0
-152.1322 60.1676 89300.0
-149.1059 63.5477 13800.0
-149.88 61.0373 45100.0
-153.3223 59.8348 129600.0
-151.8756 60.0123 82400.0
-153.3826 59.7753 131100.0
-150.595 60.064 34100.0
-149.5498 63.2816 14100.0
-152.8652 59.5461 104300.0
-156.3563 58.8799 185600.0
-151.3051 58.3025 40600.0
-155.1812 58.8165 150700.0
-155.019 58.723 138800.0
-152.0537 60.9775 113000.0
-153.1237 59.8709 100600.0
-152.0359 59.5575 63900.0
-151.6057 63.1133 14200.0
-145.5396 62.1636 2600.0
-152.3784 58.5393 63500.0
-150.631 63.2694 133200.0
-150.5221 61.4059 73500.0
-149.8248 61.5247 59200.0
-151.0643 62.1353 87400.0
-147.5035 63.5588 8000.0
-150.9342 63.5957 18500.0
-151.1176 58.9623 51600.0
-150.5591 63.0725 125400.0
-152.3002 60.24 102400.0
-149.665 62.7417 88000.0
-154.2294 57.5269 52300.0
-152.6047 59.9714 115000.0
-150.2078 61.118 55000.0
-152.7775 60.2171 108400.0
-154.4211 58.9131 132900.0
-153.1595 60.0046 133300.0
-149.4137 60.8207 54000.0
-149.8479 63.1274 6900.0
-150.4275 62.3248 28800.0
-153.0488 60.2049 129900.0
-151.006 59.8483 64500.0
-147.2753 60.4238 49100.0
-148.503 61.1815 14800.0
-158.3873 61.3487 17600.0
-151.5698 60.034 84100.0
-152.8094 60.1402 106700.0
-151.0652 61.1997 73600.0
-151.995 58.2368 39500.0
-151.0443 62.5608 102100.0
-150.7357 60.6082 61200.0
-149.2659 60.8326 35100.0
-151.714 61.4461 86200.0
-147.4429 63.6487 6000.0
-146.4217 61.454 33000.0
-146.4664 61.5383 38000.0
-151.9205 61.9004 124800.0
-152.8422 59.9712 106300.0
-153.1519 58.7089 75000.0
-149.8568 61.339 49600.0
-149.9515 61.3708 53300.0
-152.9308 60.1848 122300.0
-152.9674 59.6454 111800.0
-151.613 60.2125 69500.0
-147.5411 60.5082 29500.0
-152.5109 60.2741 122500.0
-151.4391 63.298 15000.0
-147.6025 60.5522 29700.0
-149.1275 63.5598 21700.0
-146.8403 63.6289 17400.0
-151.4477 63.0947 23700.0
-155.9126 57.987 19400.0
-151.881 60.6272 90400.0
-149.7953 63.0857 106300.0
-150.7909 61.2195 75600.0
-151.1838 62.6318 93000.0
-146.6334 61.4826 33000.0
-151.2944 63.258 24400.0
-151.8375 60.9012 98100.0
-153.0911 59.848 117700.0
-153.2052 59.6877 121500.0
-146.4441 61.6738 52900.0
-151.8916 60.514 96600.0
-151.6418 62.5099 111000.0
-151.4969 59.8524 83300.0
-150.3559 63.1707 125900.0
-153.8943 59.0632 112200.0
-146.2899 61.5861 59900.0
-150.8831 63.0097 131000.0
-152.4697 59.9443 93600.0
-151.7026 59.9806 66600.0
-151.3703 61.7559 87300.0
-150.0692 62.1185 66400.0
-154.5371 58.9548 139200.0
-152.3937 61.1489 131200.0
-150.7711 60.4263 75400.0
-152.9713 61.4177 160900.0
-153.2531 59.9513 128500.0
-153.7059 57.9497 67000.0
-155.7892 57.5274 29300.0
-153.116 60.021 136000.0
-151.727 60.581 78000.0
-153.033 58.3085 58100.0
-152.3526 59.4656 60100.0
-152.5492 59.8886 102200.0
-150.8841 60.8847 65400.0
-147.2564 63.6175 11900.0
-147.1932 63.5831 10200.0
-153.6079 59.987 165300.0
-151.4229 58.3663 38300.0
-153.679 60.3489 180200.0
-156.6831 58.6381 203900.0
-153.6146 59.342 118500.0
-150.7725 61.8276 76400.0
-153.1809 60.2724 141300.0
-153.1905 59.7897 130800.0
-150.6811 63.2682 124800.0
-151.0901 63.2122 136700.0
-151.7189 61.6792 112500.0
-150.5233 63.2234 127800.0
-156.5694 58.1211 174700.0
-148.0893 62.0181 33000.0
-153.8611 60.3627 187300.0
-153.3058 59.8913 137200.0
-153.8797 59.5744 122600.0
-147.1982 63.5306 2300.0
-148.2688 63.5172 5500.0
-147.7234 63.5726 1000.0
-153.1877 60.306 134300.0
-147.1973 63.5373 4800.0
-150.7987 62.9946 116400.0
-150.9371 63.1117 143300.0
-153.5222 60.1787 154000.0
-147.6054 63.6975 25200.0
-149.8814 63.6748 124500.0
-148.3027 63.5868 3000.0
-147.5085 63.7327 3900.0
-148.4809 60.465 39700.0
-156.2193 57.7219 98000.0
-145.3475 63.3464 21000.0
-153.8148 57.5273 30600.0
-154.307 57.4742 52200.0
-147.4755 63.6445 100.0
-150.4079 60.3961 56800.0
-154.0533 57.4381 48600.0
-145.2341 63.3795 4100.0
-152.6536 59.636 100400.0
-156.2995 58.4719 151100.0
-147.633 63.6367 5300.0
-154.061 59.0485 122900.0
-154.0758 58.7763 80200.0
-146.9678 62.1059 65300.0
-152.6457 59.4912 101600.0
-152.3775 60.1243 98200.0
-152.2592 59.7089 84500.0
-148.1383 63.6026 24400.0
-146.0012 63.5817 10100.0
-150.9838 63.5747 5000.0
-147.6935 63.6788 20100.0
-156.8472 58.6953 201000.0
-145.5988 59.4701 14200.0
-147.2831 63.6801 7200.0
-151.4519 60.2272 79300.0
-145.3433 63.3477 16500.0
-147.1428 63.5569 8900.0
-151.3773 62.4865 105900.0
-148.4705 63.6543 2300.0
-151.0256 63.7088 14500.0
-144.8917 63.4752 13900.0
-151.3698 59.2565 73200.0
-144.4051 63.1466 6000.0
-147.546 63.532 21500.0
-144.766 63.3701 5000.0
-144.5173 63.5704 5000.0
-153.2729 60.2019 142600.0
-153.393 59.7925 132600.0
-145.4309 63.4174 19200.0
-146.6324 63.5925 5000.0
-145.4037 63.3154 7600.0
-147.5378 63.6189 900.0
-147.6136 63.5594 7000.0
-145.17 63.3843 11000.0
-147.8555 63.5218 9300.0
-147.1033 63.4739 10600.0
-147.576 63.4838 5000.0
-146.1175 63.5118 17300.0
-147.5864 63.5891 4300.0
-144.3455 63.2206 6100.0
-147.0124 63.6129 2900.0
-144.8395 63.3913 5000.0
-147.2398 63.5665 5100.0
-147.8767 63.6269 10000.0
-147.7844 63.599 7600.0
-147.6872 63.666 28900.0
-147.066 63.5919 5000.0
-147.575 63.6102 5000.0
-147.5707 63.6125 1000.0
-147.4334 63.6229 5900.0
-147.7345 63.6507 24400.0
-144.1856 63.1549 5000.0
-144.1891 63.1181 0.0
-147.352 63.4846 900.0
-148.4513 63.5666 23700.0
-144.4784 63.1646 3400.0
-147.8778 63.5391 5400.0
-147.106 63.6058 1400.0
-146.6379 63.576 3800.0
-147.5548 63.5564 6000.0
-146.7216 63.5976 9000.0
-144.6781 63.1382 1000.0
-146.9284 63.5694 3800.0
-145.1362 63.3661 9800.0
-145.9996 63.4681 1000.0
-145.1134 63.2562 2600.0
-145.25 63.4341 10900.0
-145.4875 63.4372 4700.0
-147.8378 63.6692 29200.0
-147.6034 63.5131 1000.0
-144.4488 63.1756 9000.0
-147.6286 63.5058 3100.0
-147.6032 63.5247 10000.0
-144.3196 63.1386 7200.0
-147.5548 63.6856 22800.0
-147.3873 63.6644 5000.0
-147.1761 63.5955 2600.0
-146.9527 63.5802 3200.0
-145.1094 63.3304 7400.0
-147.6806 63.6224 5000.0
-144.4346 63.1983 9900.0
-147.6753 63.5743 5100.0
-147.4274 63.6403 10000.0
-147.8017 63.5136 5100.0
-145.2449 63.3693 9500.0
-144.4996 63.2059 9900.0
-144.6543 63.123 10000.0
-145.3912 63.3314 700.0
-144.4052 63.18 10000.0
-145.0393 63.319 6700.0
-144.4432 63.1595 4400.0
-144.746 63.2625 11900.0
-144.7603 63.2272 3700.0
-144.5626 63.1508 10000.0
-145.3317 63.3044 1100.0
-144.8903 63.3214 5300.0
-147.4315 63.591 1100.0
-146.961 63.5866 3300.0
-147.7168 63.6087 20100.0
-144.5267 63.1287 500.0
-144.3946 63.0979 2400.0
-144.2831 63.1808 9600.0
-145.1395 63.3278 7900.0
-144.7974 63.1695 5000.0
-145.3823 63.2552 5000.0
-147.4787 63.6621 12800.0
-144.4369 63.5045 5000.0
-144.862 63.2946 15000.0
-144.5612 63.0891 100.0
-144.9419 63.2437 8500.0
-145.2671 63.4177 16800.0
-147.4398 63.6022 7500.0
-145.3246 63.3929 20000.0
-147.3464 63.5139 4800.0
-144.7918 63.3528 10000.0
-147.3229 63.6328 15000.0
-144.7739 63.3921 13000.0
-147.4012 63.6081 6400.0
-144.5136 63.1212 4100.0
-147.5557 63.4948 19300.0
-147.64 63.4729 4300.0
-147.5201 63.6384 5800.0
-145.9553 63.4975 9200.0
-144.2228 63.1824 9900.0
-145.4617 63.2769 3500.0
-147.3331 63.6303 4800.0
-147.4511 63.6546 6900.0
-145.5322 63.4302 15000.0
-145.4489 63.1546 10000.0
-144.3389 63.2162 10000.0
-145.1917 63.363 12900.0
-147.4379 63.728 26500.0
-144.9586 63.069 10000.0
-148.0219 63.67 38600.0
-145.7732 63.1668 5000.0
-145.6967 63.567 4300.0
-145.3457 63.3485 2500.0
-145.1243 63.4941 5400.0
-146.0773 63.2386 5000.0
-145.0243 63.5184 12000.0
-147.7098 63.5622 8600.0
-144.9042 63.4025 3500.0
-145.863 63.383 5700.0
-147.8346 63.5367 4100.0
-144.7896 63.4989 5000.0
-145.0254 63.5418 7200.0
-145.3754 63.3991 10000.0
-145.6336 63.4406 3800.0
-146.3718 63.2637 5400.0
-144.8329 63.2903 5000.0
-147.5237 63.5865 28400.0
-147.8001 63.2601 5000.0
-147.6114 63.6285 10800.0
-152.4962 60.2748 110300.0
-147.5038 63.6141 700.0
-150.8621 60.8487 72300.0
-151.3979 59.9564 87200.0
-151.1408 62.4576 80600.0
-150.7613 63.0744 131300.0
-148.0675 63.5545 19700.0
-153.482 59.815 130200.0
-151.806 59.988 80600.0
-153.256 60.166 144300.0
-153.106 60.119 122200.0
-149.813 63.682 141500.0
-151.664 58.318 42700.0
-152.798 59.991 124500.0
-153.203 60.182 131200.0
-150.841 60.945 19100.0
-150.57 61.513 63800.0
-151.294 62.436 112200.0
-148.999 60.594 34900.0
-153.303 60.059 132600.0
-149.343 62.73 5000.0
-155.201 58.475 10000.0
-149.325 62.711 5000.0
-147.505 63.643 0.0
-150.907 59.673 57000.0
-153.835 60.108 165200.0
-157.043 57.973 10000.0
-151.193 61.945 73800.0
-155.144 58.676 143400.0
-150.827 61.5 73700.0
-152.303 59.079 79800.0
-150.968 63.031 128400.0
-150.791 58.542 51900.0
-149.62 62.317 69100.0
-150.714 61.722 75100.0
-153.429 59.7 128800.0
-152.786 59.912 115900.0
-145.486 59.342 23300.0
-153.69 60.389 None
-150.594 60.118 57400.0
-147.192 60.545 28500.0
-153.169 59.848 128900.0
-151.234 60.253 74500.0
-149.878 61.243 54500.0
-149.851 61.203 53100.0
-151.363 63.493 18200.0
-154.216 58.664 107100.0
-148.598 63.146 88400.0
-153.302 57.909 61000.0
-150.834 63.11 127200.0
-150.401 63.262 129300.0
-152.62 59.828 94900.0
-149.297 62.519 64400.0
-149.797 62.106 62900.0
-152.908 59.532 97500.0
-156.506 57.884 127200.0
-153.152 58.354 74800.0
-158.575 58.124 800.0
-149.774 63.63 132300.0
-155.777 58.176 135300.0
-151.977 61.487 6100.0
-155.571 57.907 105600.0
-156.145 58.133 125700.0
-150.698 63.226 131000.0
-149.768 63.137 105100.0
-155.174 57.516 61600.0
-155.089 59.014 134100.0
-146.395 61.629 57000.0
-149.247 61.476 36300.0
-151.466 59.628 68000.0
-152.968 59.799 111400.0
-146.208 61.397 6400.0
-153.09 60.151 131600.0
-153.285 59.909 143600.0
-152.054 60.59 90800.0
-155.096 57.422 63000.0
-150.637 59.829 52400.0
-146.45 59.341 22100.0
-146.533 59.54 30400.0
-152.672 60.033 92400.0
-156.748 57.909 136400.0
-153.158 60.13 139300.0
-154.041 58.112 63400.0
-153.801 59.308 103500.0
-151.912 60.686 111400.0
-148.957 60.463 31100.0
-152.68 60.348 96300.0
-151.401 63.412 10000.0
-153.386 59.659 113300.0
-150.853 63.022 133600.0
-149.984 61.557 56900.0
-151.68 63.144 10000.0
-152.573 58.342 72800.0
-150.87 60.237 82700.0
-154.073 57.549 66000.0
-152.314 59.931 100700.0
-150.975 63.065 134400.0
-153.041 59.692 124100.0
-153.735 58.791 89500.0
-152.278 60.846 116000.0
-153.895 57.93 57300.0
-152.961 59.813 105500.0
-149.873 61.59 66500.0
-150.761 63.276 128200.0
-154.761 57.498 53400.0
-152.592 59.904 110700.0
-151.474 61.117 79300.0
-150.914 60.501 75800.0
-152.712 59.921 113300.0
-150.788 59.542 42200.0
-154.33 57.427 48700.0
-154.409 57.447 42200.0
-151.122 63.152 131300.0
-153.163 59.899 117400.0
-151.374 62.935 139000.0
-149.512 61.291 51800.0
-149.963 58.842 34700.0
-151.357 62.474 98900.0
-151.964 59.345 62700.0
-145.996 60.857 23400.0
-153.152 59.207 79300.0
-154.449 57.454 47400.0
-151.5 61.627 84900.0
-146.755 61.456 52600.0
-150.66 62.784 121400.0
-150.774 63.083 129200.0
-153.435 59.327 127800.0
-150.72 63.223 134400.0
-154.501 58.91 137400.0
-152.683 57.578 20700.0
-150.026 61.454 57400.0
-151.055 63.594 11400.0
-151.541 62.377 96600.0
-154.434 57.426 46700.0
-150.665 63.227 129600.0
-146.032 60.286 20700.0
-146.058 60.3 22100.0
-149.113 57.538 10000.0
-154.377 57.463 45800.0
-150.236 60.922 66400.0
-154.442 57.44 49400.0
-154.513 57.417 47600.0
-149.162 62.967 41700.0
-154.456 57.495 49900.0
-153.06 59.775 102200.0
-147.858 59.933 22800.0
-154.499 57.462 47900.0
-154.296 57.516 50300.0
-154.431 57.425 43300.0
-154.649 57.507 28200.0
-151.79 61.802 88600.0
-150.753 59.238 49400.0
-148.096 62.129 58800.0
-148.994 62.816 70900.0
-152.979 60.054 111800.0
-149.977 60.036 32700.0
-151.456 60.951 72700.0
-151.116 62.142 82700.0
-151.124 62.178 82500.0
-155.161 58.422 90700.0
-146.928 61.272 61300.0
-152.254 59.484 98200.0
-150.891 61.394 81300.0
-149.424 61.312 49200.0
-154.867 58.475 118100.0
-150.478 61.441 59500.0
-153.071 58.806 74700.0
-151.726 58.419 49000.0
-149.979 62.181 78700.0
-151.495 59.307 65900.0
-151.833 60.378 74200.0
-151.969 61.82 122400.0
-151.409 58.235 14500.0
-147.369 60.827 57500.0
-153.64 59.957 141400.0
-147.366 60.125 16300.0
-152.152 60.252 88400.0
-153.431 59.882 141100.0
-149.9036 61.5281 66000.0
-152.5013 60.1754 110500.0
-151.1124 62.3432 110000.0
-149.6884 61.6237 52800.0
-146.9715 61.3187 50900.0
-156.8191 57.4979 130000.0
-152.9823 59.7872 111400.0
-150.5978 63.2062 143800.0
-148.2924 61.4723 7500.0
-150.9736 61.8229 83900.0
-153.1239 59.9187 129900.0
-152.3854 59.3324 74100.0
-153.1805 60.5196 139600.0
-151.4854 60.7241 84700.0
-150.8293 58.2621 40500.0
-153.3983 60.2338 141700.0
-145.6311 59.284 22800.0
-152.4236 60.1083 94300.0
-151.6685 60.9238 87900.0
-152.1242 59.8857 90600.0
-153.1048 60.1816 131600.0
-153.0172 60.2074 123100.0
-157.0208 58.0022 100.0
-156.9844 57.9793 0.0
-152.2494 60.3867 88900.0
-152.8042 60.0984 122800.0
-153.3243 60.4019 149900.0
-157.1473 57.9985 300.0
-152.2886 62.1868 144300.0
-156.9672 57.9472 21000.0
-156.6234 58.0927 9000.0
-156.8915 57.8619 15200.0
-153.0328 59.6004 117500.0
-156.9724 57.9607 13700.0
-156.5885 58.0443 24300.0
-156.0361 58.4585 87300.0
-157.0474 57.9867 0.0
-156.8794 58.0129 12000.0
-156.9308 57.9184 4500.0
-156.9397 57.9303 33000.0
-157.0401 57.9931 1700.0
-156.7638 58.2104 41600.0
-156.8725 57.9553 12400.0
-152.0013 60.8104 15500.0
-144.218 61.7826 33000.0
-153.4553 60.3418 168800.0
-151.5979 61.7421 108400.0
-153.4908 58.9766 102300.0
-149.9593 62.1233 61400.0
-149.6515 62.0725 63300.0
-152.298 59.9487 89400.0
-150.9576 63.1511 127900.0
-147.8601 61.9487 54400.0
-150.7943 61.2958 79900.0
-151.0044 59.1867 19100.0
-154.5223 58.1593 93000.0
-147.6718 61.3273 41200.0
-150.7233 61.2784 69100.0
-151.0862 59.2572 52400.0
-150.7854 61.2565 71000.0
-149.2345 60.9439 50500.0
-149.8106 62.5668 69600.0
-147.7032 60.0519 28000.0
-153.1319 60.3621 155100.0
-150.6815 63.0606 123100.0
-152.6137 57.6609 43400.0
-150.3511 61.3235 64600.0
-150.0104 61.9651 51300.0
-152.8242 60.345 120500.0
-150.9117 62.4715 102300.0
-150.8551 60.0763 56900.0
-151.8232 60.6983 120600.0
-150.7901 63.2349 139100.0
-150.7806 61.166 66300.0
-151.3354 59.4711 61000.0
-153.2265 59.9406 132300.0
-152.7053 60.2687 119600.0
-150.9284 61.2277 66800.0
-149.7756 61.6259 53800.0
-152.9401 58.6702 76200.0
-150.2641 62.0576 86600.0
-155.3643 58.3754 14800.0
-152.9385 59.6147 115200.0
-149.631 61.8511 67300.0
-149.822 62.0292 65600.0
-152.6667 59.9774 118200.0
-151.6775 61.8391 101000.0
-145.0427 59.3706 18800.0
-151.6334 57.9975 19200.0
-155.1608 58.735 157100.0
-152.4394 59.1564 92400.0
-148.8571 61.8892 18600.0
-152.8117 58.1855 82100.0
-152.7823 60.0175 117400.0
-153.5274 60.0268 152800.0
-145.4749 63.4601 11400.0
-146.3759 61.6309 57800.0
-152.8678 60.1611 132200.0
-153.1234 60.2768 123300.0
-151.7015 59.2566 69800.0
-152.7944 59.7489 98600.0
-150.6481 61.5224 74900.0
-153.4714 60.2398 158500.0
-147.1517 61.4646 48200.0
-150.9416 61.9323 69700.0
-153.5377 59.9169 145800.0
-152.7761 60.091 110500.0
-152.3706 59.9524 97600.0
-149.7622 62.2085 65700.0
-146.7684 61.3561 55500.0
-148.3842 62.9335 75300.0
-148.4704 60.272 47600.0
-150.5841 63.2575 135100.0
-150.8143 58.1935 37400.0
-153.0217 60.1639 139100.0
-150.6522 61.4859 68000.0
-154.4347 58.0088 18100.0
-153.0517 59.6838 114900.0
-153.1903 59.931 129000.0
-153.0938 59.7372 129300.0
-152.8268 60.5204 7000.0
-151.0835 63.5073 22200.0
-153.2779 59.8311 135300.0
-151.0276 60.474 66200.0
-150.7398 63.3162 130500.0
-151.47 62.3841 113300.0
-149.6763 62.5712 80600.0
-153.3767 59.4091 118900.0
-153.4853 58.0716 94000.0
-150.8916 61.1243 70100.0
-149.8591 58.8429 41100.0
-150.0987 60.9681 59500.0
-151.1154 63.3428 22600.0
-152.2169 60.0373 84000.0
-152.3026 59.8699 92600.0
-152.8264 59.4171 96000.0
-150.6879 63.1032 128100.0
-151.9529 59.7569 88600.0
-147.4061 61.5124 24800.0
-156.3866 57.9689 141100.0
-151.1352 62.8828 129600.0
-149.7541 63.6068 132400.0
-151.8199 59.2383 70600.0
-150.9593 60.2761 55700.0
-151.9083 61.7026 109400.0
-150.9368 59.3376 43900.0
-153.1096 59.979 137300.0
-146.6522 61.473 52900.0
-148.9698 62.2078 64500.0
-152.6918 60.0429 117600.0
-152.9879 59.597 118700.0
-151.1317 63.3095 9100.0
-152.3232 59.1888 71600.0
-151.2672 59.1189 53000.0
-146.4942 60.2703 15700.0
-152.9181 60.0931 137900.0
-152.8508 60.0809 125300.0
-149.9923 61.0029 60500.0
-149.9952 60.9933 61200.0
-150.0283 61.0186 58100.0
-150.064 61.0447 59800.0
-150.1727 61.0638 55100.0
-155.8589 58.8363 172000.0
-151.1891 61.0403 82400.0
-153.705 63.2615 45700.0
-147.3935 60.131 30600.0
-151.0502 62.5201 96600.0
-152.5532 60.7097 150500.0
-151.4111 60.5038 72400.0
-153.4657 58.6957 93700.0
-150.8927 61.6147 70900.0
-156.0279 57.5383 102600.0
-150.0539 59.0055 53100.0
-153.019 60.3334 132600.0
-152.6534 60.0585 121600.0
-152.9992 59.7982 121500.0
-151.9802 59.754 80100.0
-149.8134 61.3972 38800.0
-152.7205 61.1528 143100.0
-156.3843 57.85 134100.0
-152.3606 58.9976 65500.0
-153.1208 59.9851 129900.0
-146.6006 59.4424 20800.0
-152.0362 59.9739 88600.0
-150.7774 62.9742 117200.0
-148.4278 61.8328 6000.0
-153.2797 59.5738 114800.0
-149.8815 61.5314 60600.0
-150.3137 60.8751 33500.0
-153.2797 60.1527 130600.0
-150.3751 58.8338 47700.0
-153.9705 60.2945 205200.0
-151.1949 63.6011 18000.0
-147.666 62.0987 39000.0
-149.1972 61.9595 50400.0
-151.1517 63.5866 17800.0
-151.2508 58.176 42800.0
-150.6481 62.6775 97700.0
-148.3181 62.361 29400.0
-152.6349 59.9563 108600.0
-153.2795 60.239 141300.0
-151.7775 61.6953 102800.0
-150.8471 58.0559 18300.0
-150.5805 62.7474 119800.0
-152.4631 59.9771 90800.0
-152.3926 59.2431 79000.0
-151.7076 57.6636 21400.0
-152.6631 59.7872 85700.0
-150.6788 62.9167 116400.0
-152.3343 60.1995 98300.0
-152.6351 59.1562 71800.0
-152.4427 58.3025 67300.0
-153.1789 60.3001 146700.0
-154.9332 58.5909 120600.0
-152.7092 59.5112 104100.0
-147.6694 62.3727 72500.0
-151.137 60.8916 68500.0
-148.7689 62.3241 26000.0
-153.0768 59.959 114300.0
-149.9542 61.442 46800.0
-155.6153 58.7813 177100.0
-150.3998 61.7523 73000.0
-152.4466 59.3049 76400.0
-155.7733 58.5791 176500.0
-150.7019 59.7954 15100.0
-156.1859 57.9652 154400.0
-149.7774 62.4978 73300.0
-151.2644 63.3541 17100.0
-149.7123 63.345 105500.0
-152.3841 59.528 87300.0
-153.106 60.1663 124100.0
-151.0789 63.0163 141000.0
-151.0782 60.5429 47200.0
-149.8613 61.3114 49700.0
-150.7122 63.1502 135100.0
-145.0423 59.1844 10000.0
-151.4563 58.1897 24300.0
-153.1027 60.2356 122300.0
-148.6726 62.8032 68800.0
-150.3854 62.9377 106300.0
-144.8005 59.4863 6700.0
-152.1933 60.341 102300.0
-146.2765 59.6178 20800.0
-149.7717 57.4454 15900.0
-156.011 58.7641 184100.0
-147.7013 62.35 65000.0
-150.008 61.0113 59800.0
-150.6026 63.2125 126200.0
-147.087 61.9632 63500.0
-152.3695 60.3558 104100.0
-152.9633 59.9266 118200.0
-145.3768 63.338 1600.0
-150.0025 61.7982 57000.0
-150.5501 61.0997 64900.0
-152.9716 59.6563 107600.0
-150.9593 61.7303 75800.0
-151.8995 63.7319 30000.0
-149.3597 62.084 60000.0
-154.0634 57.6895 87200.0
-150.7291 63.0954 119300.0
-152.4016 59.2904 69900.0
-152.5941 60.4868 109700.0
-153.1879 59.3095 103300.0
-152.3991 59.8526 94500.0
-151.1522 61.8033 71700.0
-152.5706 59.3966 95000.0
-151.6774 60.1585 83300.0
-154.2995 59.044 137200.0
-152.3019 59.1649 82000.0
-152.7671 57.467 77600.0
-153.3438 59.8211 139000.0
-152.8078 60.0757 122400.0
-152.8338 59.9998 119900.0
-151.283 63.3584 17700.0
-150.3266 63.3779 138200.0
-150.6936 61.5108 73100.0
-148.8601 62.276 58000.0
-150.0909 61.3543 54800.0
-153.4744 60.3072 184900.0
-151.1539 63.3303 14500.0
-150.5121 63.2361 140500.0
-149.8122 62.0354 68800.0
-151.2517 63.0006 144700.0
-153.6704 59.8428 136000.0
-154.3354 61.9421 0.0
-150.7512 62.5012 94900.0
-150.8113 63.0906 129100.0
-150.9842 62.2658 108100.0
-148.1522 62.8915 66700.0
-151.4706 63.3558 16100.0
-154.5526 62.2761 61800.0
-152.737 60.4238 144200.0
-151.9631 60.1073 106600.0
-149.0957 62.5287 67600.0
-152.8048 60.1048 126400.0
-151.8144 58.2694 27100.0
-154.2929 59.6525 190000.0
-150.38 61.0106 63800.0
-150.2439 61.8171 58700.0
-154.8754 58.3677 134300.0
-150.711 62.0903 12800.0
-151.8203 60.7103 107200.0
-152.911 61.1122 183200.0
-152.8585 59.9291 117300.0
-152.9794 59.2815 81500.0
-150.676 60.1347 63500.0
-151.6502 59.4101 66700.0
-149.4921 63.2771 24500.0
-156.1312 57.8123 157200.0
-152.8875 60.0368 129400.0
-153.2599 59.2616 112500.0
-155.0498 58.7701 160200.0
-153.4978 57.659 72900.0
-154.0419 57.8458 90400.0
-150.9521 63.1885 6300.0
-152.6504 57.7681 78700.0
-156.1445 58.0958 0.0
-152.2281 60.4661 112400.0
-152.3388 59.9261 66100.0
-152.999 60.2416 144700.0
-151.5413 62.5808 109400.0
-153.0037 60.0488 146200.0
-150.1038 61.193 39100.0
-150.2201 61.3128 57200.0
-153.3276 60.0757 139600.0
-152.7169 59.5925 107600.0
-152.3587 59.4468 89200.0
-146.7093 59.9926 35800.0
-149.5661 62.8241 85000.0
-150.3468 63.1908 123400.0
-153.1381 60.2532 144200.0
-150.9352 60.9368 7800.0
-156.428 57.5705 133500.0
-152.7154 59.793 104800.0
-153.3679 60.2293 154300.0
-150.7373 61.2864 66700.0
-151.1493 61.7477 93200.0
-148.7517 62.9751 84000.0
-153.0228 59.9333 124300.0
-150.7427 59.8026 54900.0
-150.4358 61.6102 68300.0
-150.184 58.454 33000.0
-149.5292 62.085 65700.0
-151.6872 62.4003 103500.0
-150.9962 60.9319 9900.0
-146.9141 62.0067 73800.0
-150.4117 59.6357 56300.0
-152.4986 60.0786 111000.0
-150.9999 63.0595 137900.0
-151.2983 61.2245 86000.0
-151.8687 61.867 119700.0
-150.5283 63.1225 133100.0
-151.234 63.5319 14300.0
-148.4874 61.8498 53500.0
-151.8549 60.666 104700.0
-149.2455 62.0059 59700.0
-151.7164 60.3808 79400.0
-151.9853 60.1105 83800.0
-156.2975 57.5052 33000.0
-155.9494 58.2857 168200.0
-150.5859 63.1508 124000.0
-152.3249 60.1836 103500.0
-153.2405 59.8229 135500.0
-144.9938 61.3671 59800.0
-155.5913 57.5764 73000.0
-152.5427 63.7341 32200.0
-154.2345 58.1451 113900.0
-156.8274 58.8475 209700.0
-150.66 63.1181 125200.0
-154.6623 58.1444 106000.0
-148.3375 62.8622 73300.0
-154.2731 58.9599 127100.0
-155.1794 57.9269 109500.0
-152.1851 63.519 9600.0
-152.3541 60.351 101400.0
-152.5231 63.6832 15000.0
-152.4868 63.7361 15000.0
-152.4913 60.4074 97800.0
-152.8029 58.416 77200.0
-153.078 58.5069 54500.0
-152.9615 60.0781 134500.0
-150.1006 63.6156 10000.0
-153.3089 60.1361 167100.0
-155.5133 58.0592 150200.0
-150.6855 63.2356 134400.0
-154.7983 58.3776 113000.0
-144.6068 59.2106 10000.0
-150.6685 63.0803 136400.0
-150.6189 57.9389 10000.0
-150.6654 62.0717 75600.0
-155.2419 62.4241 0.0
-149.9289 63.1551 103300.0
-153.1073 58.0399 63600.0
-157.1 58.4164 47000.0
-150.8983 63.6179 15600.0
-153.6338 58.1259 73100.0
-152.7057 58.5439 62200.0
-144.8636 60.3615 9000.0
-153.2594 59.8836 138400.0
-153.8787 59.1103 110300.0
-156.5503 62.7986 23000.0
-154.0512 57.7906 103000.0
-153.43 59.2152 112000.0
-148.9065 61.8576 16100.0
-156.2168 57.5649 102200.0
-150.7739 63.5622 16500.0
-150.4918 63.2311 121100.0
-154.2879 57.803 43300.0
-152.9256 59.5754 99400.0
-154.0992 57.7019 41600.0
-150.3702 63.3765 21100.0
-151.64 59.5843 66300.0
-152.2856 57.914 48200.0
-153.4624 60.121 169000.0
-147.0563 60.1386 19400.0
-149.6462 61.4069 56000.0
-152.6328 59.627 90400.0
-152.7966 60.0325 125200.0
-151.4537 58.2147 50000.0
-153.6065 58.5691 101300.0
-151.9716 60.2537 97900.0
-153.6465 59.8849 128800.0
-155.6446 58.6075 151200.0
-152.7977 58.6222 60500.0
-152.7743 60.133 125900.0
-152.7855 59.4634 109100.0
-153.2657 60.2028 160300.0
-144.9238 59.1103 10000.0
-154.0208 57.6294 29500.0
-152.6999 60.1934 132200.0
-149.8176 63.7136 118400.0
-154.4235 57.4984 71200.0
-151.6658 60.6647 84800.0
-149.879 61.7126 62900.0
-152.3039 57.7714 40400.0
-152.9224 59.5944 104300.0
-151.0015 60.9555 17000.0
-156.0921 57.9007 164700.0
-152.4739 61.4029 128800.0
-151.9204 60.3423 93400.0
-152.1121 60.481 88700.0
-151.7417 58.1413 41200.0
-153.265 58.4958 77400.0
-150.6618 62.8872 98300.0
-151.5552 61.2521 91900.0
-153.2828 57.694 32000.0
-153.5697 59.8005 157300.0
-156.5696 58.7621 191400.0
-150.4998 63.257 113900.0
-146.7587 60.087 25200.0
-146.7322 59.9868 25800.0
-151.7325 58.2741 27200.0
-153.5895 60.0275 159300.0
-150.5701 61.9278 108400.0
-149.6834 61.8731 54000.0
-149.7056 61.6048 40400.0
-144.241 58.888 10000.0
-152.9929 60.3194 138400.0
-151.0882 62.3671 86700.0
-153.063 59.9811 116000.0
-153.6896 60.3997 197800.0
-150.9459 63.0027 117400.0
-150.5733 63.3106 131700.0
-146.0082 61.3694 46500.0
-153.4512 60.0984 165200.0
-153.1617 59.8077 133300.0
-149.8957 61.5693 72500.0
-150.636 63.2414 129200.0
-153.37 60.3281 171800.0
-155.3215 58.4609 29000.0
-149.3879 62.4011 61300.0
-147.2803 62.3957 55400.0
-153.1069 60.0987 135100.0
-152.1161 59.7795 89900.0
-145.5969 59.8513 24800.0
-144.5659 59.4305 10000.0
-150.519 63.1585 108900.0
-151.1407 62.9224 126700.0
-152.1607 62.7965 0.0
-152.8603 60.3862 145700.0
-153.2407 60.3817 130200.0
-152.9596 60.1136 133000.0
-151.2159 61.175 87500.0
-151.4932 58.5676 56800.0
-149.4213 61.6324 53400.0
-154.9151 58.2186 11000.0
-149.9062 60.2992 57600.0
-149.32 62.9902 80600.0
-151.5281 61.6597 121000.0
-152.2848 60.6773 135800.0
-152.3209 58.1201 63000.0
-151.7633 61.7027 100100.0
-149.6147 61.7163 49500.0
-153.8677 57.7949 50400.0
-154.2167 58.9306 121500.0
-151.1654 62.1091 109400.0
-152.3993 60.2782 128800.0
-153.8265 60.124 161800.0
-156.3487 57.885 118100.0
-151.1552 60.2616 79600.0
-147.5989 60.7087 52400.0
-152.341 59.3979 71300.0
-151.6182 63.4272 33000.0
-146.9034 60.3274 30600.0
-150.9088 63.1844 131500.0
-150.5332 61.3647 74400.0
-150.846 61.4513 60100.0
-156.0452 57.8562 133000.0
-153.3957 60.063 135700.0
-148.9971 60.5497 40700.0
-149.7102 61.5878 45300.0
-153.2789 60.0299 156200.0
-147.645 60.3781 29100.0
-150.7583 58.4917 48900.0
-149.5245 61.3733 39200.0
-145.4481 59.605 25700.0
-153.0716 59.6228 128000.0
-150.432 57.79 44400.0
-151.4986 63.3466 33000.0
-150.6178 61.3438 61500.0
-151.8605 61.4221 103600.0
-156.255 57.7583 148100.0
-146.8522 61.3583 52000.0
-153.0672 59.712 120200.0
-149.4966 62.1742 57900.0
-151.1955 63.4614 33000.0
-149.7362 61.7937 56800.0
-150.8052 63.0668 117900.0
-150.2984 61.3415 56000.0
-151.5631 61.8914 84300.0
-150.3611 60.5957 55000.0
-153.1124 58.8422 84100.0
-152.3965 58.9845 81400.0
-152.8531 59.9367 106500.0
-153.4139 59.7256 142000.0
-151.5316 58.1446 46400.0
-152.0944 59.2151 68700.0
-150.9036 63.1012 127900.0
-153.4278 58.8938 72800.0
-152.7811 58.8243 84100.0
-156.6581 57.8509 144700.0
-156.5254 57.729 146000.0
-152.9218 59.7043 118800.0
-152.8039 60.1657 117600.0
-153.4972 59.8278 153900.0
-153.1947 60.4851 162700.0
-150.6998 63.2056 139500.0
-146.5956 61.0285 15500.0
-151.796 60.6685 81900.0
-152.8845 58.8241 65100.0
-153.0029 60.3446 125100.0
-156.6971 57.4706 33000.0
-150.3814 63.073 112000.0
-158.2187 57.8206 146000.0
-148.8131 61.8938 47000.0
-146.5048 61.5371 32500.0
-152.6914 59.7581 101600.0
-152.3025 59.7794 37700.0
-151.2965 63.6207 15800.0
-150.3494 61.5351 61500.0
-152.165 59.8425 102000.0
-148.2384 61.6102 38300.0
-150.1819 59.8686 42000.0
-151.6085 60.5805 78900.0
-151.5731 60.5901 78500.0
-151.3855 62.5441 79000.0
-150.5944 63.1348 120200.0
-156.3234 57.8102 25700.0
-154.3654 58.4829 75100.0
-153.4455 60.0756 159400.0
-151.1448 61.0098 96500.0
-152.2729 59.449 96800.0
-154.907 58.3287 10200.0
-154.5072 59.8379 192800.0
-151.182 59.0605 57300.0
-151.4392 61.3639 86100.0
-150.9685 61.7223 74200.0
-151.2385 61.4808 87300.0
-154.788 58.4384 20000.0
-152.0953 59.7327 92000.0
-149.5068 62.9476 86300.0
-153.489 60.2758 170300.0
-150.756 62.0872 78600.0
-151.3737 60.1045 70100.0
-150.1579 63.7248 141300.0
-149.7691 63.7338 118900.0
-145.6944 59.0888 30700.0
-148.9439 63.6685 11000.0
-152.6226 60.0908 95200.0
-150.6967 63.0328 123300.0
-150.7321 62.033 89400.0
-147.7204 60.6197 41300.0
-154.5733 58.4461 41900.0
-152.3308 59.4086 101600.0
-148.6851 58.3523 28000.0
-154.5701 58.1339 102800.0
-150.8141 61.8649 90400.0
-144.6472 59.1948 23100.0
-153.4003 59.7671 135000.0
-148.6942 62.426 54200.0
-147.3307 59.9771 22800.0
-150.6188 60.2742 54800.0
-152.9 61.0562 161600.0
-153.041 60.2172 142300.0
-151.0271 63.0548 132200.0
-150.513 62.0226 16600.0
-153.2991 58.3808 67900.0
-152.8834 59.7865 106500.0
-153.2925 62.5681 14000.0
-151.0943 62.7616 97000.0
-154.7571 58.3384 97800.0
-149.2122 63.5796 15000.0
-150.6688 60.2616 54700.0
-150.7728 60.3496 57900.0
-152.0655 60.045 85300.0
-150.4328 63.1063 41300.0
-155.9209 58.4917 168400.0
-153.2679 60.1095 166000.0
-150.8009 63.6728 17900.0
-152.8546 59.6545 103700.0
-155.1341 58.3247 33000.0
-153.3528 60.0376 152200.0
-156.7046 58.6149 200900.0
-152.6889 63.3598 3000.0
-147.4711 61.2864 27700.0
-152.7102 58.9516 85700.0
-151.0377 61.6663 72700.0
-151.0947 63.2355 138400.0
-151.6606 59.1458 62700.0
-149.9476 61.0189 62800.0
-149.9515 63.1711 113000.0
-146.0553 60.3068 14700.0
-146.0721 60.3045 9800.0
-145.4717 59.3662 21600.0
-153.4174 59.8547 122600.0
-151.1784 58.9952 33000.0
-148.9544 61.7938 18600.0
-149.1126 61.8074 12600.0
-152.3376 59.8691 89800.0
-157.2858 61.4897 33000.0
-149.8175 62.6921 71000.0
-148.8665 59.9186 14000.0
-153.0469 59.7554 107600.0
-149.6443 63.1122 110200.0
-149.8013 62.4975 15300.0
-154.8029 58.389 12200.0
-153.702 59.3189 101500.0
-155.6767 58.7706 184700.0
-153.1517 59.3025 84600.0
-152.0803 61.7447 116100.0
-151.0061 63.0581 129400.0
-152.0812 60.8218 93200.0
-152.7723 59.6155 96000.0
-150.5747 61.818 66800.0
-154.1313 58.9589 116700.0
-149.8552 61.707 64900.0
-153.1101 60.4054 140200.0
-150.8044 63.0185 124700.0
-150.9485 62.1098 71800.0
-153.3678 60.0479 129600.0
-153.338 59.8972 141700.0
-151.041 61.7477 79100.0
-152.8706 58.9752 80100.0
-152.1869 57.7756 32800.0
-153.2714 58.9101 72600.0
-148.9179 59.8936 49800.0
-149.0704 59.9502 50700.0
-149.8949 63.3275 104200.0
-146.6468 61.4252 49300.0
-149.6552 61.8257 59900.0
-152.449 60.1464 40900.0
-151.3988 62.4757 96600.0
-156.4131 57.4361 84300.0
-156.5375 57.4493 33000.0
-152.7204 60.2828 115100.0
-146.27 61.4827 33000.0
-152.9681 60.0637 128200.0
-147.4717 60.9607 53300.0
-147.2413 60.897 19700.0
-147.6991 61.0401 67200.0
-147.5232 60.8972 37200.0
-147.4697 60.9655 42800.0
-149.0274 62.7693 81400.0
-152.8971 60.2529 114600.0
-147.2222 60.1399 23400.0
-152.0579 59.6811 100200.0
-153.1395 60.5133 134400.0
-147.5446 61.792 63800.0
-158.2422 61.294 33000.0
-147.454 60.8726 33000.0
-152.9088 60.3199 127200.0
-153.0474 58.3832 54100.0
-152.1312 61.4766 131000.0
-150.7307 63.0383 111600.0
-152.875 59.9246 109500.0
-147.3711 61.0405 37400.0
-151.0237 60.2356 78800.0
-151.832 60.1896 91600.0
-147.8299 62.5381 70300.0
-153.4995 57.5112 44700.0
-152.795 59.2511 81500.0
-147.8602 60.4577 28400.0
-152.7586 59.4199 108000.0
-153.6124 59.0755 114000.0
-151.9551 61.3159 106900.0
-153.7383 60.4069 176800.0
-153.5041 60.2811 176400.0
-156.0356 59.1368 206900.0
-149.9254 63.3632 114000.0
-147.0518 61.2073 57500.0
-149.8906 61.5681 61800.0
-153.1956 59.6654 112000.0
-153.345 59.9873 146700.0
-149.6224 62.8477 95700.0
-151.0452 60.1638 83200.0
-154.648 57.4791 67800.0
-153.1493 60.2011 128900.0
-153.115 59.6997 111300.0
-150.9645 63.06 131500.0
-156.4905 57.974 132900.0
-150.6652 62.6058 93200.0
-147.1397 61.3468 48800.0
-151.1301 62.2492 88800.0
-152.1659 60.2247 83800.0
-150.6085 62.0803 16500.0
-146.4568 60.852 42000.0
-152.2243 58.7831 33000.0
-150.5491 62.9351 118900.0
-151.7545 62.022 110000.0
-144.9421 59.3152 19800.0
-144.8669 59.4557 18000.0
-144.7743 60.4411 21800.0
-153.2015 60.1352 124400.0
-152.6999 58.7986 33000.0
-152.1715 62.3834 16000.0
-153.0849 60.1369 123200.0
-151.1068 63.0251 146500.0
-153.7311 57.4358 47600.0
-147.7719 62.3603 59500.0
-153.6278 60.4931 156100.0
-149.7262 61.163 53700.0
-152.6188 59.22 68600.0
-152.8193 59.4644 96600.0
-155.6873 58.6127 156300.0
-155.3345 58.1309 33000.0
-150.9067 62.2175 90900.0
-154.0841 57.7518 83700.0
-152.5697 59.1387 82100.0
-149.7811 61.2437 61200.0
-152.5685 60.2563 125900.0
-152.6069 60.0079 122700.0
-151.366 61.9771 84900.0
-152.9367 60.1492 125100.0
-153.1301 60.107 157500.0
-154.4401 58.2748 33000.0
-152.9405 59.7686 85000.0
-147.9531 62.349 70700.0
-153.0468 60.1954 128800.0
-151.5633 63.3124 17000.0
-152.5586 59.0811 71500.0
-153.8231 59.0617 99100.0
-152.6285 60.1327 103900.0
-152.2912 59.0808 66500.0
-151.7956 61.9213 118100.0
-152.7708 59.6682 97800.0
-155.3257 57.8211 33000.0
-151.9508 57.6835 33000.0
-148.4026 61.9774 62900.0
-153.3343 60.0284 134200.0
-151.6798 58.3127 33000.0
-151.6359 60.2914 79400.0
-153.1872 60.1011 123200.0
-155.1899 58.269 116300.0
-152.6495 60.0074 117700.0
-153.1861 57.6687 57600.0
-146.9891 60.9063 21800.0
-149.9958 63.584 18600.0
-151.108 62.1595 104100.0
-149.2843 62.0107 59700.0
-150.9748 63.1029 134000.0
-150.3876 62.8997 103000.0
-145.2585 59.2281 33000.0
-149.6683 62.7633 103000.0
-152.1999 62.5709 18000.0
-150.4706 61.7112 67100.0
-153.2397 59.8422 116000.0
-151.0474 61.5239 71900.0
-153.1589 60.1151 108300.0
-149.9782 63.3927 118500.0
-150.8611 60.9508 71500.0
-151.4551 58.3594 33000.0
-152.274 59.2748 85500.0
-149.6289 63.282 17000.0
-152.422 59.3943 153000.0
-153.2489 59.3115 109400.0
-152.0687 60.7281 102700.0
-152.5472 58.4425 33000.0
-151.67 60.8004 84800.0
-152.8134 60.1659 113000.0
-152.8984 59.7742 112000.0
-149.7192 61.6577 64000.0
-153.4309 59.9764 140200.0
-152.9109 59.5023 118700.0
-152.774 60.5251 132700.0
-151.873 59.3468 49600.0
-148.9615 62.9513 78700.0
-154.8175 58.2145 93700.0
-151.6032 60.5875 82200.0
-153.4981 58.3748 77600.0
-153.4495 59.8871 149900.0
-153.4771 58.7062 80200.0
-154.6883 58.958 138500.0
-151.2679 63.5263 25000.0
-150.5319 60.2673 71200.0
-150.7553 63.2136 123600.0
-156.3588 57.9022 146100.0
-153.2387 59.3401 106100.0
-149.102 57.5376 33000.0
-152.2308 59.0169 61600.0
-150.4214 60.0505 57300.0
-155.7957 57.8914 86700.0
-150.9524 63.2516 129100.0
-151.2269 61.7727 101000.0
-150.7326 58.4602 33000.0
-150.9766 63.1163 130000.0
-153.1884 59.3854 87300.0
-152.2601 60.2794 106800.0
-152.2503 60.4755 112900.0
-154.5552 59.337 147100.0
-144.9658 63.3025 5000.0
-146.7392 59.677 21100.0
-146.6058 59.6451 33000.0
-148.2129 62.9288 88300.0
-149.1483 63.325 64000.0
-151.999 63.3497 33000.0
-150.1629 62.8541 87600.0
-149.9172 58.1714 1500.0
-151.4485 62.0465 82700.0
-152.937 60.094 129600.0
-146.1504 61.5852 22600.0
-152.263 59.8374 101700.0
-153.21 60.1486 153400.0
-154.7959 59.3654 33000.0
-152.8164 59.5169 79000.0
-152.6361 59.9841 33000.0
-152.3664 61.5893 127600.0
-150.5774 63.0337 40000.0
-151.8523 59.2917 54500.0
-152.8558 59.9777 110700.0
-153.6589 58.0986 64900.0
-151.2743 63.4689 3000.0
-148.9974 59.6178 21600.0
-152.8672 63.7285 19200.0
-145.3172 59.4155 33000.0
-151.0073 61.8644 80800.0
-151.1098 62.9137 123900.0
-153.4694 60.2705 170300.0
-153.2708 60.0466 119000.0
-150.7034 61.4945 71500.0
-150.7491 62.9636 120300.0
-150.8163 62.989 118200.0
-146.9921 61.8941 64700.0
-149.6357 62.3344 61000.0
-147.8656 61.412 45700.0
-149.5537 63.1313 89900.0
-155.7187 57.6577 45000.0
-154.883 58.4225 39200.0
-153.1395 59.9786 132400.0
-153.2271 59.7568 127700.0
-152.7421 59.4392 115100.0
-151.3573 59.6161 12600.0
-148.9655 62.3207 48000.0
-152.3347 60.1819 94900.0
-151.6218 61.4101 110200.0
-153.0379 60.2242 151900.0
-147.2578 61.2625 33000.0
-151.1537 61.955 105100.0
-150.0781 61.3719 55100.0
-152.9131 59.373 73400.0
-150.5874 62.0553 16600.0
-150.7341 63.0994 133400.0
-148.6806 63.002 78300.0
-146.703 59.4811 33000.0
-146.6675 59.4899 8500.0
-154.5164 57.6812 66500.0
-151.7864 58.885 49500.0
-152.1108 63.3089 33000.0
-150.9613 61.9665 80500.0
-151.9549 61.7325 115700.0
-149.8386 62.5115 90400.0
-151.4596 58.6254 16100.0
-148.0755 62.2714 55500.0
-153.0018 60.8392 139400.0
-150.7268 63.2109 129500.0
-153.7188 59.8491 149200.0
-153.2079 59.7996 123800.0
-147.9763 60.0161 33000.0
-155.2221 57.7021 85100.0
-153.2019 59.8478 119300.0
-151.3655 59.2589 59100.0
-148.2221 62.9905 77200.0
-147.3123 63.5695 10000.0
-152.3674 59.3164 84400.0
-154.07 59.1792 153900.0
-152.92 58.3349 58000.0
-153.6318 60.322 175800.0
-153.357 60.3678 165200.0
-152.9235 58.8302 80500.0
-148.2367 63.0692 89300.0
-149.4013 60.9691 38000.0
-153.1013 59.7129 120900.0
-149.5283 62.3096 54500.0
-152.5933 60.062 87100.0
-152.8107 60.2404 108900.0
-153.128 60.1285 104700.0
-150.9801 62.9911 120400.0
-157.6278 63.5282 33000.0
-152.301 60.3581 114100.0
-153.2672 60.1384 133800.0
-149.7469 62.2963 72400.0
-150.537 62.0126 78300.0
-151.1416 63.3237 33000.0
-147.7484 59.2124 11500.0
-150.663 61.9346 5500.0
-151.7792 61.0967 76700.0
-153.1046 59.9476 127500.0
-153.3934 59.7564 136300.0
-151.9892 61.6758 120800.0
-156.6916 57.9126 17500.0
-153.2564 59.9627 135100.0
-153.5701 59.8929 117300.0
-153.4603 60.1981 186800.0
-149.7022 62.2833 65900.0
-148.7986 59.8213 33000.0
-146.8884 61.3812 53200.0
-148.6924 59.8204 33000.0
-147.4459 63.3436 22800.0
-157.1446 63.5639 33000.0
-152.668 59.584 103000.0
-150.479 58.5519 67000.0
-150.7617 59.8554 53200.0
-146.5016 60.2517 32300.0
-156.7523 57.9541 2200.0
-153.4434 60.0912 150600.0
-149.3394 62.2691 62100.0
-150.9713 63.3181 133900.0
-153.5036 60.0728 163500.0
-151.8946 60.0209 89700.0
-153.5888 60.1405 158000.0
-153.202 57.6393 84600.0
-150.7408 63.0803 126200.0
-151.8982 60.7219 89700.0
-151.4319 61.7868 85000.0
-152.5888 60.3497 120200.0
-153.6035 60.171 151800.0
-152.7229 59.6631 104200.0
-153.5524 60.0059 140700.0
-152.8834 60.0719 125600.0
-144.9434 61.2833 33000.0
-145.9874 59.4772 62600.0
-153.7501 59.8368 130900.0
-152.6123 59.4389 71300.0
-151.0186 62.265 79500.0
-151.3563 60.1796 70500.0
-150.9779 63.0724 126300.0
-151.0778 60.3655 64200.0
-144.6703 59.0434 33000.0
-144.5999 60.25 None
-149.4056 60.8129 45000.0
-151.6875 61.3471 103800.0
-151.7356 60.8042 83100.0
-146.4104 61.6557 58000.0
-153.6961 60.404 167900.0
-151.3688 57.5406 15300.0
-153.4315 59.7554 118400.0
-151.3697 59.4381 58800.0
-146.5713 59.7664 4400.0
-155.3389 58.51 120600.0
-152.4564 59.2874 89200.0
-150.6287 62.4221 77900.0
-152.0171 57.5875 42600.0
-150.7938 62.0029 79200.0
-150.5386 62.8659 105100.0
-153.1388 59.0511 92500.0
-152.5077 59.8699 85200.0
-152.2873 59.9623 112800.0
-153.0032 60.3414 136200.0
-152.5376 60.2012 103500.0
-152.883 59.9376 101800.0
-152.9568 61.008 148400.0
-149.529 62.1676 59800.0
-151.1484 63.1416 130800.0
-149.3956 63.7207 126500.0
-153.7802 57.5566 57300.0
-153.1555 60.2239 133900.0
-152.1258 59.9073 50500.0
-153.3177 59.9896 138600.0
-152.4773 60.1295 106200.0
-151.6475 58.9142 64600.0
-150.8347 61.1623 71600.0
-153.1894 59.9612 129600.0
-150.3172 61.4913 73900.0
-151.8228 58.2738 36000.0
-153.6101 59.9974 180400.0
-146.1892 61.6361 41100.0
-153.4581 59.7535 128800.0
-149.5498 62.1756 56500.0
-153.2888 60.1291 151500.0
-149.9177 58.7432 52000.0
-150.5844 58.4925 58000.0
-152.0456 61.6954 121400.0
-150.8699 63.2092 132200.0
-145.0384 59.4061 8000.0
-147.6487 61.5296 36000.0
-151.052 62.8494 113100.0
-150.5381 59.4367 33000.0
-156.6765 58.1073 51900.0
-148.1648 60.8552 51400.0
-153.3772 59.9539 148100.0
-152.6614 59.7232 100100.0
-150.525 63.2273 122200.0
-152.1217 58.808 36700.0
-151.2474 62.1469 83000.0
-147.1818 60.8991 64600.0
-150.417 62.7935 100600.0
-153.3513 59.9225 130600.0
-152.9785 59.5283 115900.0
-151.8016 60.3752 81700.0
-151.3933 63.4197 12100.0
-152.6099 60.1572 114200.0
-151.5977 57.8009 39000.0
-150.715 61.8827 73100.0
-150.7838 63.2146 129100.0
-153.3553 59.9155 128000.0
-153.5872 60.0567 123600.0
-150.8611 63.6521 12000.0
-151.0063 63.0897 132200.0
-153.1681 59.8268 129500.0
-151.5662 61.7298 91300.0
-157.5553 57.8539 181700.0
-154.0028 59.7657 161900.0
-149.1002 62.6457 72800.0
-153.3123 58.1408 59700.0
-150.75 63.2603 127100.0
-145.0792 60.4683 36800.0
-151.923 61.463 95000.0
-151.8898 61.7284 109500.0
-152.1981 57.6103 43400.0
-152.135 57.7937 35600.0
-150.7559 62.951 106300.0
-151.4424 61.2944 79200.0
-149.4635 62.2435 67800.0
-153.3069 60.1777 126200.0
-152.2884 59.2687 67800.0
-149.8539 62.6992 23900.0
-150.7147 62.8819 111900.0
-150.8387 63.3186 135300.0
-150.9048 61.9728 72800.0
-153.3476 59.3351 101600.0
-153.4147 57.8979 33000.0
-147.9934 59.5468 33000.0
-146.9148 61.4753 64400.0
-153.077 59.8571 38000.0
-151.5605 61.6574 23500.0
-154.5404 58.9619 137400.0
-152.1098 62.594 39400.0
-157.3136 57.5945 33000.0
-152.7287 60.0824 101500.0
-152.4859 60.8769 128000.0
-147.7082 63.6197 33000.0
-153.3414 60.0921 143000.0
-157.0354 58.1567 166800.0
-149.2742 59.9774 28300.0
-151.4415 58.7606 42200.0
-153.1632 60.1268 148900.0
-152.8713 60.0048 124400.0
-152.8329 57.5238 55500.0
-153.7333 58.9344 33000.0
-153.7802 59.1057 29000.0
-148.2412 62.5881 75600.0
-153.4071 59.7683 134300.0
-150.968 58.2208 82300.0
-153.5312 59.3543 111500.0
-150.632 58.1347 33000.0
-152.4495 61.3666 128700.0
-147.3706 61.3094 33000.0
-154.2863 61.0397 73900.0
-149.848 63.4259 131500.0
-146.1343 61.5462 86400.0
-153.4399 59.7256 131300.0
-154.0461 58.1284 54700.0
-155.383 58.3034 96800.0
-153.4348 60.1158 157900.0
-151.0488 60.3347 64600.0
-150.7704 61.9365 71200.0
-153.3962 60.2025 154400.0
-150.9508 63.1007 132100.0
-149.706 62.1799 63100.0
-153.8391 58.323 77100.0
-153.7538 59.8369 145900.0
-155.975 58.2778 128500.0
-150.2521 57.4713 1000.0
-150.1929 57.4507 29500.0
-153.382 59.9938 147100.0
-147.4673 60.1448 12400.0
-150.0099 63.0343 121100.0
-150.2548 63.1732 107500.0
-153.3478 60.1253 141900.0
-153.164 59.5841 0.0
-156.9383 57.9563 154400.0
-149.7738 63.3942 114000.0
-153.6509 59.6578 95000.0
-157.5988 58.0877 0.0
-153.0037 59.7127 115600.0
-156.8829 58.1324 112200.0
-154.992 58.8011 147200.0
-152.9935 59.8694 102200.0
-148.6534 63.5045 3500.0
-147.1055 60.5196 28200.0
-152.7242 60.0648 126800.0
-150.5802 61.3979 67500.0
-149.2558 59.6156 52200.0
-149.7241 61.9177 58200.0
-149.7565 61.9595 63300.0
-150.6034 61.5684 65200.0
-147.7712 60.8755 33000.0
-146.7862 61.7131 27000.0
-150.4934 62.1916 60700.0
-154.4761 58.4809 0.0
-153.287 60.2555 154700.0
-151.7596 58.6761 35400.0
-154.6618 58.6405 17000.0
-154.6099 58.739 42000.0
-153.7814 58.7402 33000.0
-154.5646 58.7654 17800.0
-151.1004 59.5954 223300.0
-153.9305 60.385 33000.0
-156.7078 57.4261 2700.0
-152.6504 60.2522 97200.0
-152.9621 58.1859 59200.0
-151.3522 59.9749 97500.0
-151.0895 60.2276 29800.0
-144.5967 59.4427 4000.0
-153.3711 60.2858 132900.0
-150.0638 60.5513 32700.0
-152.8287 59.7387 89700.0
-151.2079 62.2441 86800.0
-145.0844 61.4861 47200.0
-151.2279 62.3814 98900.0
-149.8548 63.1616 93400.0
-146.0047 60.2612 9900.0
-156.6953 58.0087 133300.0
-151.1789 63.278 12000.0
-150.6363 63.6572 13000.0
-153.7989 58.8646 9000.0
-154.7866 58.5676 85000.0
-153.7597 57.7375 48200.0
-153.3452 57.7719 59600.0
-153.9197 57.561 22500.0
-151.2494 60.8347 35400.0
-150.5654 63.1943 119100.0
-152.7711 59.5075 121300.0
-150.791 63.1399 126900.0
-152.5453 59.1557 62700.0
-148.8976 62.7031 72600.0
-147.6293 61.5457 45400.0
-147.7906 61.439 33700.0
-153.2829 58.6634 62900.0
-153.3381 60.13 151600.0
-153.7838 59.8279 130900.0
-153.1518 59.6863 120000.0
-153.1061 58.4482 52400.0
-151.8757 58.4036 40600.0
-152.5359 57.813 29000.0
-153.2584 60.0252 118000.0
-153.2737 59.8106 128000.0
-153.8672 57.5957 33000.0
-153.4539 57.671 43300.0
-153.5135 60.0074 137900.0
-152.7568 59.8531 110000.0
-152.8887 60.1237 146800.0
-153.318 60.7317 172000.0
-154.1471 58.2544 0.0
-146.8544 61.0405 16600.0
-152.836 59.9643 92200.0
-147.3651 61.0792 42700.0
-150.4759 63.2463 118300.0
-147.1931 60.108 19000.0
-151.7548 60.2286 96200.0
-152.4451 59.3669 76900.0
-144.6945 59.4273 15300.0
-153.9364 60.0346 150000.0
-150.7518 63.2078 127000.0
-152.4925 60.9942 115700.0
-150.9205 63.1027 127900.0
-150.9833 63.5979 21700.0
-151.0467 58.2787 0.0
-150.8277 62.9752 121100.0
-151.0656 58.4436 23000.0
-150.844 63.2235 122200.0
-145.4704 59.3699 4000.0
-151.0375 62.2149 70100.0
-148.4676 63.7257 105100.0
-149.8162 58.2639 13000.0
-150.6468 63.0029 113700.0
-151.7692 58.3042 29000.0
-153.4187 60.1445 140900.0
-145.9824 60.3165 9600.0
-151.6554 58.3012 5900.0
-153.3325 60.8167 164100.0
-152.2715 60.8825 39300.0
-152.5705 58.5463 54100.0
-153.4374 59.7224 127000.0
-156.5986 57.9015 141100.0
-156.0992 57.5116 94300.0
-151.0211 63.1726 126200.0
-154.7319 58.6276 36600.0
-151.3307 58.3966 28700.0
-149.0504 62.732 72000.0
-154.5986 58.5203 0.0
-148.9702 59.6149 30200.0
-149.1168 59.6838 33000.0
-153.513 58.2273 60000.0
-152.3005 59.9046 77700.0
-153.3283 59.0767 74100.0
-144.9411 59.3064 33000.0
-154.2723 58.4388 33000.0
-147.5671 61.4525 45800.0
-153.492 59.5605 99700.0
-153.0112 62.426 26800.0
-153.4163 60.4567 139400.0
-152.6421 59.9566 114000.0
-149.8144 58.7757 32900.0
-154.0941 58.1168 52500.0
-152.7719 60.1986 93300.0
-149.9549 63.6287 131200.0
-148.8002 61.9762 54500.0
-153.5707 59.8911 137800.0
-152.1416 60.1886 83400.0
-150.7834 57.5723 0.0
-147.7427 63.5586 11000.0
-150.4322 61.9909 3900.0
-152.6935 60.1549 97000.0
-153.4869 60.128 128000.0
-153.0814 59.861 124900.0
-153.3525 59.7609 34000.0
-147.3307 60.0408 16500.0
-145.998 59.1746 0.0
-152.7268 59.6387 96600.0
-151.5738 59.1416 48400.0
-154.2006 59.9423 154600.0
-153.5941 60.2913 146900.0
-151.3791 59.6066 83100.0
-151.6765 58.251 27500.0
-153.0856 60.7594 144400.0
-150.0208 63.1825 90200.0
-153.6932 59.3297 97400.0
-153.4407 58.6617 58600.0
-150.3938 61.1589 46000.0
-152.9592 59.7895 90000.0
-146.3513 61.0452 6000.0
-153.0804 60.1237 103600.0
-151.7472 60.2027 56300.0
-146.0129 59.3694 34600.0
-153.5229 60.1085 133700.0
-152.0801 59.6727 51700.0
-153.482 60.2234 137400.0
-151.1548 63.1496 134700.0
-153.6734 60.1796 154100.0
-151.3433 62.0979 78700.0
-149.4075 63.2772 33000.0
-153.2967 60.0568 149900.0
-151.4835 60.0977 82000.0
-151.8504 58.3531 19100.0
-151.1474 61.0551 34100.0
-152.5503 60.0587 77600.0
-151.0657 62.4547 78600.0
-152.986 60.0958 109800.0
-152.645 59.6721 73400.0
-152.7699 60.0307 93100.0
-153.8249 58.7973 26000.0
-153.3012 60.2572 111600.0
-149.3536 60.1137 38400.0
-146.5886 59.3507 18000.0
-153.8614 57.7098 51500.0
-149.792 63.384 111800.0
-153.3011 57.7307 48700.0
-152.3523 58.9713 46900.0
-150.355 63.0999 105700.0
-151.3527 62.5762 90000.0
-150.53 63.2095 117200.0
-153.3328 60.4272 151400.0
-147.1398 60.0864 24000.0
-145.6918 62.3303 11300.0
-150.7681 63.1056 109500.0
-150.8574 63.2669 129300.0
-147.5067 61.4301 41100.0
-144.6998 59.5821 24000.0
-144.6493 59.6243 18100.0
-149.7 61.64 45000.0
-151.44 63.09 133000.0
-151.31 63.08 118000.0
-150.48 59.68 40000.0
-151.05 62.01 70000.0
-154.01 60.38 189000.0
-148.64 62.18 40000.0
-146.02 61.56 47000.0
-156.56 58.15 132000.0
-150.59 58.34 18000.0
-151.09 62.33 83000.0
-155.26 58.37 103000.0
-155.44 58.39 93000.0
-154.9 58.91 34000.0
-151.56 60.95 66000.0
-145.38 60.7 30000.0
-147.1 63.52 33000.0
-147.2 60.15 17000.0
-148.54 60.58 18000.0
-151.97 60.38 101000.0
-146.59 61.49 43000.0
-151.0 63.53 28000.0
-151.06 61.34 68000.0
-151.94 61.5 126000.0
-151.79 61.54 80000.0
-146.61 61.03 33000.0
-156.83 58.21 179000.0
-153.39 60.0 144000.0
-154.0 58.71 23000.0
-152.79 59.82 89000.0
-151.2 57.6 0.0
-144.71 59.46 33000.0
-152.7 58.35 33000.0
-147.6 59.14 44000.0
-150.88 62.79 98000.0
-144.25 59.8 21000.0
-144.34 59.84 33000.0
-144.49 59.85 24000.0
-144.42 59.85 33000.0
-144.3 59.6 33000.0
-148.16 60.31 33000.0
-151.2 63.1 126000.0
-154.9 59.6 98000.0
-149.9 62.04 33000.0
-154.4 58.79 95000.0
-153.7 59.7 115000.0
-152.66 60.28 85000.0
-144.78 59.5 33000.0
-152.2 60.31 81000.0
